Counter({2: 1, 4: 1, 6: 1, 8: 1, 10: 1})
0
[2, 4, 6, 8, 10]
[2, 4, 6] 1 1
[2, 4, 6, 8] 1 2
[2, 4, 6, 8, 10] 1 3
[2, 6, 10] 1 4
[4, 6, 8] 1 5
[4, 6, 8, 10] 1 6
[6, 8, 10] 1 7
7
Counter({7: 5})
16
Counter({2: 4, 3: 3, 4: 2})
6
[2, 3, 4]
[2, 3, 4] 24 30
30
Counter({80: 4, 2: 2, 9: 2, 13: 2, 20: 2, 26: 2, 40: 2, 60: 2, 0: 1, 4: 1, 18: 1, 36: 1, 54: 1, 72: 1, 90: 1})
5
[0, 2, 4, 9, 13, 18, 20, 26, 36, 40, 54, 60, 72, 80, 90]
[0, 2, 4] 2 7
[0, 9, 18] 2 9
[0, 13, 26] 4 13
[0, 18, 36] 1 14
[0, 18, 36, 54] 1 15
[0, 18, 36, 54, 72] 1 16
[0, 18, 36, 54, 72, 90] 1 17
[0, 20, 40] 4 21
[0, 20, 40, 60] 8 29
[0, 20, 40, 60, 80] 32 61
[0, 36, 72] 1 62
[0, 40, 80] 8 70
[4, 20, 36] 2 72
[18, 36, 54] 1 73
[18, 36, 54, 72] 1 74
[18, 36, 54, 72, 90] 1 75
[18, 54, 90] 1 76
[20, 40, 60] 8 84
[20, 40, 60, 80] 32 116
[26, 40, 54] 4 120
[36, 54, 72] 1 121
[36, 54, 72, 90] 1 122
[40, 60, 80] 16 138
[54, 72, 90] 1 139
139
